//GPAR57EX JOB 'RODRIGO',CLASS=C,MSGCLASS=X,NOTIFY=GPAR57,TIME=(0,5)    00020006
//EXECUTAR  EXEC PGM=AR57TAB1                                           00020414
//STEPLIB   DD   DSN=GR.GERAL.LOADLIB,DISP=SHR                          00020506
//SYSOUT    DD   SYSOUT=X                                               00020610
//SYSIN     DD *                                                        00020713
01000100000                                                             00020913
02000200000                                                             00021013
03000300000                                                             00022013
04000400000                                                             00023013
05000500000                                                             00024013
06000632543                                                             00025013
07000758720                                                             00026013
08000854780                                                             00027013
09000952365                                                             00028013
10001025436                                                             00029013
11001125423                                                             00030013
12001256323                                                             00040013
01000523658                                                             00050013
02000245289                                                             00060013
03000324587                                                             00070013
04000414522                                                             00080013
05000525445                                                             00090013
06000625465                                                             00100013
07000725636                                                             00110013
08000845288                                                             00120013
09000965896                                                             00130013
10001025423                                                             00140013
11001125555                                                             00150013
12001225553                                                             00160013
00000000000                                                             00170013
